rep,id,eta_k2,eta_alpha2,eta_d3,eta_alpha3
1,211,0.104177,-0.0372866,1.06678,-2.26278
2,211,0.0892092,-0.235812,1.87388,-7.48309
3,211,0.109745,-0.0514696,1.1546,4.26354
4,211,0.0998324,0.0025325,0.80691,-6.98195
5,211,-0.0320317,-0.151272,0.649674,-38.5155
6,211,0.0700288,0.0480812,0.807898,-15.7013
7,211,-0.110606,0.040312,-0.0969116,-6.45624
8,211,0.0924513,-0.046628,0.0785139,10.055
9,211,0.0974211,0.157806,0.281853,-11.1516
10,211,-0.188299,0.0547453,-0.464841,-14.3933
1,212,0.274973,0.527181,-0.397682,-13.5011
2,212,-0.262194,0.126492,-1.02917,-5.72599
3,212,0.00823762,0.229491,-0.503161,-3.44999
4,212,-0.222252,0.0293598,-0.748777,-0.163773
5,212,0.0541641,0.0259529,0.0248429,-10.0444
6,212,0.315958,-0.121136,-0.440205,13.9477
7,212,0.0809701,0.0116946,0.389809,4.29326
8,212,0.29702,0.0266465,-0.661325,12.3564
9,212,-0.425325,-0.017696,-1.32216,-23.179
10,212,-0.195051,0.0768523,-0.721295,-25.5795
1,213,0.188306,-0.23955,0.751223,-2.84236
2,213,0.274718,-0.208944,1.44561,-19.1019
3,213,-0.000245704,0.0205936,-0.807121,-2.3777
4,213,0.520972,0.161603,1.07957,-2.57355
5,213,0.436687,-0.00446946,1.12659,3.99522
6,213,0.338857,-0.151544,1.55908,1.66594
7,213,0.549299,0.166046,1.40878,-7.47147
8,213,0.708032,0.19931,2.47858,2.19363
9,213,0.542666,0.163461,1.43761,-3.62988
10,213,0.224018,-0.358236,1.61945,-4.31588
1,214,-0.389909,-0.0860685,0.615125,-0.313525
2,214,-0.143037,-0.00764592,1.16004,3.34272
3,214,-0.0865388,0.0871436,0.814151,-14.4722
4,214,-0.140142,-0.0198633,1.14267,1.10706
5,214,-0.0126343,0.0647887,1.56119,-6.11951
6,214,0.0306128,0.132916,1.35411,5.57689
7,214,-0.206798,0.0630646,0.85686,-17.9845
8,214,-0.203408,-0.021623,1.18834,-7.00415
9,214,-0.381707,0.00267139,0.406717,-25.7866
10,214,-0.392231,-0.127614,0.636351,-27.5471
1,215,0.240871,0.102802,1.26009,-14.7977
2,215,0.294861,0.0977066,1.80683,-9.26118
3,215,0.188961,-0.00230642,1.61496,-5.80843
4,215,0.527435,0.344742,2.08981,3.62059
5,215,0.183451,-0.0588074,1.5702,-0.925453
6,215,0.222726,-0.0856099,2.63884,-5.2632
7,215,0.119434,0.0154154,0.981924,-10.4419
8,215,0.445352,0.240506,2.43062,0.365957
9,215,0.132102,-0.0140461,1.16337,-8.22602
10,215,0.215907,0.0360042,1.19663,-2.01606
1,221,-0.451182,0.0846773,-0.869717,7.26879
2,221,-0.855452,-0.0566197,-1.49193,-19.2022
3,221,-0.216024,0.0178233,-0.802494,10.6983
4,221,0.488526,-0.087978,0.737516,15.551
5,221,-0.731897,0.426747,-1.90301,-15.0691
6,221,0.0970184,0.0949125,-0.531255,11.5131
7,221,-0.0497538,0.0888103,-0.547446,10.6983
8,221,0.238139,0.0552153,-0.405642,12.6977
9,221,-0.948394,-0.350752,-1.25158,-21.1999
10,221,-0.00488732,0.107692,-0.428936,10.679
1,222,-0.0492041,-0.0395131,0.250954,18.547
2,222,-0.322576,-0.211446,0.0740816,14.5426
3,222,-0.261316,0.236777,-0.59368,16.1117
4,222,-0.171437,0.232963,-0.133671,11.9257
5,222,-0.736151,0.0135853,-0.868847,13.6318
6,222,-0.382548,-0.0228899,-0.165689,23.0961
7,222,-0.409043,-0.0134553,-0.605801,16.1416
8,222,-0.552355,-0.119888,-0.509593,18.4334
9,222,-0.943634,-0.0736679,-1.197,17.5198
10,222,0.0335616,0.141407,0.0575341,35.1223
1,223,-0.429586,-0.108812,0.660762,-23.4574
2,223,-0.461718,0.105081,-0.873534,9.46551
3,223,-0.495497,0.056827,-0.358093,-14.4491
4,223,-0.446271,0.0359318,-0.200298,-6.47141
5,223,-0.385846,0.248031,-0.476104,-12.3895
6,223,-0.583068,-0.00243217,-0.366414,-4.92897
7,223,-0.509101,-0.0148635,-0.161393,-5.28832
8,223,-0.597262,0.0475987,-0.646917,7.41983
9,223,-0.263876,0.530603,-0.738654,-6.11761
10,223,-0.499612,0.255087,-0.806144,-15.5067
1,224,0.453409,0.248001,-1.44127,15.2944
2,224,-0.0443628,-0.196549,-1.69377,16.1548
3,224,0.497929,0.183296,-1.04257,18.0342
4,224,0.3988,-0.198205,-0.284124,17.2566
5,224,0.362439,0.355321,-1.67658,14.7247
6,224,0.0140117,-0.131358,-1.52571,17.153
7,224,0.420539,-0.163886,-0.328733,15.9815
8,224,0.263495,-0.103086,-0.985198,19.8426
9,224,-0.0153281,-0.121419,-1.49598,13.7974
10,224,0.450594,0.0140892,-0.760915,37.0956
1,225,-0.608991,0.200335,-1.24153,-20.0558
2,225,-0.573926,-0.0477198,-0.975037,8.58758
3,225,-0.657846,0.112576,-1.13357,-10.5764
4,225,-0.542192,0.264665,-1.34665,0.597746
5,225,-0.437026,0.380708,-1.18324,-11.8213
6,225,-0.619401,-0.215468,-0.591126,-1.35757
7,225,-0.776522,-0.139392,-1.2737,8.62025
8,225,-0.577785,0.143284,-1.0902,-2.19
9,225,-0.676849,0.15742,-1.31877,-1.66187
10,225,-0.718765,0.0303239,-1.15568,5.93102
1,231,0.0232858,-0.0787674,-0.0456257,-17.0254
2,231,0.0656615,-0.0257014,-0.301626,-8.68307
3,231,0.193358,-0.00439821,0.832013,-29.3573
4,231,-0.150165,-0.281378,-0.292748,-12.44
5,231,0.310673,0.188585,0.362303,-30.3626
6,231,0.312209,0.125157,0.540128,7.88543
7,231,0.202652,0.104441,0.886059,-12.6923
8,231,0.2274,0.0926809,2.93593,-6.50783
9,231,0.148482,0.10008,0.153571,-1.85334
10,231,0.351391,0.266731,0.639067,-3.27783
1,232,-0.12659,0.0156605,-1.6412,17.9562
2,232,-0.252081,-0.196757,-1.43773,42.7596
3,232,-0.0791607,0.071167,-1.57537,12.6871
4,232,-0.430264,0.189959,-2.49386,11.8823
5,232,0.231016,0.00762439,-0.666509,17.3865
6,232,-0.395394,0.144462,-2.37285,31.9359
7,232,0.265636,-0.0821162,0.214181,11.6316
8,232,0.232499,0.0938662,-1.09278,16.2283
9,232,-0.443393,-0.127171,-0.947466,8.64408
10,232,-0.224143,-0.20209,-1.48967,24.7611
1,233,0.290051,-0.102905,0.0511463,-0.815035
2,233,0.376022,-0.0206299,1.08886,-8.73041
3,233,0.319735,-0.233141,1.13121,7.64387
4,233,0.408036,0.163858,-1.00919,3.24797
5,233,0.376978,-0.0142099,0.179467,2.11565
6,233,0.481845,0.147974,-0.569331,-13.5827
7,233,0.244861,-0.0787745,-0.770807,-4.62187
8,233,0.384288,-0.0727248,-0.12173,7.77502
9,233,0.343222,-0.108888,2.03092,4.20129
10,233,0.433387,-0.0559129,1.14079,7.72057
1,234,0.598677,-0.0141682,-0.0639913,3.95426
2,234,0.544268,-0.205591,0.924589,8.60689
3,234,0.6159,-0.0394317,0.513848,-10.1289
4,234,0.75931,0.0433026,-0.0356521,8.67949
5,234,0.508709,-0.126742,0.713958,-14.737
6,234,0.757532,0.189379,0.183349,-5.66158
7,234,0.629513,0.0475929,0.15094,-1.6188
8,234,0.42027,-0.286492,0.0554583,7.10175
9,234,0.656962,-0.0371419,1.55133,7.7448
10,234,0.639,0.057688,1.18446,-23.6863
1,235,0.292328,0.0457778,-0.624209,-20.3301
2,235,0.399955,0.062219,0.776771,-18.4127
3,235,0.171774,-0.180704,0.373797,-5.9068
4,235,0.355507,-0.11838,0.0615842,9.10006
5,235,0.12243,-0.0294039,-1.29758,-6.69897
6,235,0.274115,-0.161834,1.62479,-0.729694
7,235,0.12473,-0.226852,0.058969,-17.9442
8,235,0.168444,-0.0938125,-0.622516,-3.88004
9,235,0.398502,0.0636308,1.26355,-1.68397
10,235,0.323087,0.120253,-0.88462,-43.9809
