rep,id,k1_hat,alpha1,beta,db,ER0,E2ER0
1,111,0.0742837,0.510908,0.0573152,0.0468532,0.0454214,1.71191
2,111,0.0485866,0.433956,0.0435686,0.128185,7.1581,0.0069149
3,111,0.070092,0.443328,0.0065656,0.071724,3.64268,0.00264935
4,111,0.0708157,0.275632,0.0541667,0.128682,0.000533169,0.00150354
5,111,0.0755562,0.411487,0.0178061,0.0474565,0.00330794,1.69724
6,111,0.0438295,0.33865,0.0843065,0.0918291,24.5021,0.00080279
7,111,0.045456,0.25678,0.0905141,0.381374,0.00323393,1.28908
8,111,0.0615951,0.260622,0.0343164,0.0640478,1.91348,0.034369
9,111,0.066641,0.317752,0.0186651,0.33478,0.0770728,0.683451
10,111,0.0550696,0.230162,0.00174037,0.895513,1.55591,0.000115629
1,112,0.0384465,0.461181,5.18029,0.0198779,0.00268258,0.530099
2,112,0.0411364,0.712181,11.3692,0.0462148,0.000158166,4.40757e-06
3,112,0.0392079,0.42592,3.04088,0.107329,0.000189557,0.000897345
4,112,0.0371148,0.268024,2.54834,0.0582862,0.014766,0.122147
5,112,0.0396902,0.35338,8.3742,0.02554,0.126099,9.90448e-07
6,112,0.0432706,0.401067,6.93655,0.018515,3.042e-06,8.17224e-07
7,112,0.0406559,0.290639,1.59976,0.0751319,0.119668,0.000167622
8,112,0.0374175,0.370621,57.528,0.00700478,0.00369658,2.74312e-06
9,112,0.0390076,0.379017,21.0509,0.00626908,0.00222183,2.96449e-05
10,112,0.0389538,0.278008,3.86658,0.0626169,0.000235658,0.97512
1,113,0.0578536,0.501036,0.795927,0.0845436,0.142966,0.00014471
2,113,0.0572598,0.616272,0.629447,0.168706,0.00623189,3.39903e-06
3,113,0.0551091,0.253234,1.46212,0.0248039,0.00248365,7.75942e-06
4,113,0.0492419,0.616083,37.6073,0.0183898,0.165213,7.48492e-08
5,113,0.0525813,0.419372,7.60946,0.0399948,0.00282424,0.0305389
6,113,0.0628412,0.379111,0.428691,0.0616311,2.01891e-06,1.00683e-07
7,113,0.0488808,0.167355,6.14972,0.0175296,8.79051e-06,0.0093886
8,113,0.0492432,0.362181,145.195,0.0158741,0.4171,0.0400971
9,113,0.0501132,0.205152,1.65029,0.0906678,0.354109,0.0056146
10,113,0.050217,0.349752,14.9612,0.0223685,0.00131722,0.0141872
1,114,0.0383487,0.2962,5.72435,0.116394,0.00465825,0.00053633
2,114,0.0410496,0.352239,4.82488,0.0411398,2.64653e-05,0.0104802
3,114,0.0440049,0.438392,4.07346,0.022827,0.11945,0.0411559
4,114,0.0395099,0.700884,18.3874,0.0275564,0.328972,1.51115e-08
5,114,0.0404775,0.524165,19.0191,0.0512238,0.0414896,0.000110787
6,114,0.039679,0.208491,12.5796,0.0566521,0.152742,0.0703654
7,114,0.0435691,0.391491,1.04316,0.121382,0.002517,0.00247985
8,114,0.0424853,0.503,14.8078,0.0119358,2.80871e-05,0.000298677
9,114,0.0420282,0.242963,1.66357,0.0289144,3.5651e-06,0.00294115
10,114,0.0429717,0.536708,2.22682,0.0500185,0.000423671,4.91643e-05
1,115,0.0346895,0.261411,24.9477,0.0388847,0.0933232,0.0704984
2,115,0.0362348,0.171812,0.558839,0.0785555,2.34386e-06,2.85031e-06
3,115,0.0462608,0.583702,1.42742,0.0196138,0.000894937,0.00933748
4,115,0.0384471,0.419645,2.54178,0.0341938,0.00289483,0.000481187
5,115,0.0397859,0.711192,5.9311,0.013337,0.00257881,0.000205009
6,115,0.0338114,0.247211,2.22027,0.0685377,0.598396,0.00012327
7,115,0.0334068,0.60777,15.1688,0.110197,7.64825e-05,1.54336e-05
8,115,0.0345114,0.257288,11.3861,0.0162448,0.000128105,0.000105059
9,115,0.0346291,0.321366,1.85038,0.10882,0.246231,1.42648e-05
10,115,0.0370214,0.183237,1.5742,0.0288239,1.45593e-05,0.00477844
1,121,0.0467892,0.269731,0.289895,0.0287771,0.0027844,9.08268e-06
2,121,0.0338935,0.324367,1.24619,0.0294238,8.94771e-06,0.0108743
3,121,0.0262496,0.22826,3.56258,0.187942,7.90776e-05,1.34531
4,121,0.0263083,0.149389,32.3375,0.106768,72.9904,0.00500777
5,121,0.0286241,0.259323,5.47398,0.0248959,0.204036,5.93744
6,121,0.0398469,0.354374,0.418036,0.0459092,0.00316638,0.15642
7,121,0.0367891,0.647936,3.82936,0.0104961,2.08881,0.0026446
8,121,0.0362453,0.430991,1.04727,0.0221798,0.000542294,0.165932
9,121,0.050116,0.438361,0.271144,0.0399183,0.0130516,0.00137777
10,121,0.0420083,0.330616,0.212339,0.0518782,1.84269e-05,1.59231e-06
1,122,0.0367524,0.133915,1.92026,0.00301334,0.000458814,1.02386e-05
2,122,0.0254556,0.323384,137.633,0.245268,0.0470639,0.141484
3,122,0.0282564,0.409009,2.83122,0.047215,0.0181886,0.000505387
4,122,0.035918,0.678851,2.73548,0.0201202,0.0209796,5.27635e-07
5,122,0.0273761,0.197841,6.6716,0.0444182,0.165328,0.03449
6,122,0.030687,0.353164,5.98919,0.0128047,0.213872,0.000289046
7,122,0.0258589,0.189488,0.688207,0.135932,0.0823305,0.00291792
8,122,0.0472511,0.286935,1.09535,0.0054332,9.07529e-05,7.49914e-06
9,122,0.0299192,0.595749,6.60178,0.0320871,0.000209038,3.76018e-06
10,122,0.0304912,0.367564,1.32961,0.0377058,0.0012638,0.000466499
1,123,0.0313058,0.356548,36.9519,0.223262,8.45418e-05,1.1569e-08
2,123,0.0443748,0.353716,1.46026,0.00997665,1.75862,0.000174037
3,123,0.0315695,0.250356,16.9122,0.0470396,0.153508,0.00433701
4,123,0.0320188,1.01141,43.4878,0.0181182,0.020973,1.91002e-05
5,123,0.0316254,0.467586,23.7638,0.0128719,2.26973,0.00453513
6,123,0.0417695,0.277652,2.25183,0.00684365,0.023313,0.000270498
7,123,0.0318575,0.3526,9.80817,0.0535876,0.119642,0.0816668
8,123,0.0371418,0.312563,0.936412,0.0409207,0.081588,0.00011857
9,123,0.03791,0.24443,2.16931,0.0143204,0.000609572,0.000291412
10,123,0.0310953,0.365335,16.8171,0.0525891,0.00123602,0.00130736
1,124,0.0418327,0.380623,1.08023,0.00853387,0.00777548,0.191817
2,124,0.0338682,0.811127,0.471524,0.104524,0.0202277,0.000261617
3,124,0.027794,0.565437,4.13748,0.0318245,9.91561,0.0644398
4,124,0.0352922,0.521573,0.658533,0.0584106,0.0229417,0.000210498
5,124,0.0294926,0.384335,4.93612,0.0362925,0.00401059,0.000330592
6,124,0.0506316,0.710335,1.0345,0.0103463,1.83292e-05,0.00138905
7,124,0.0320403,0.298441,0.9053,0.0415349,1.26696,0.000475368
8,124,0.0344958,0.238724,0.559399,0.0283415,0.00584538,0.000515936
9,124,0.0347263,0.179494,0.308109,0.0489953,7.659e-05,0.000839155
10,124,0.030414,0.28576,0.574501,0.0931905,0.000206739,0.000529439
1,125,0.0246897,0.27665,12.181,0.0135722,0.000242053,0.000940995
2,125,0.0333833,0.406142,0.934655,0.030453,0.00280781,3.51664e-05
3,125,0.0229444,0.270161,30.5618,0.0464145,0.000115049,0.0518281
4,125,0.0243442,0.361839,3.98553,0.201676,0.251927,0.000209786
5,125,0.0235712,0.208175,14.3727,0.0956731,8.99841e-06,0.000198817
6,125,0.023015,0.349496,22.7507,0.0884527,0.000188742,0.0026403
7,125,0.0262496,0.64471,4.03304,0.0506985,0.00548444,0.000277339
8,125,0.0282793,0.673147,2.37889,0.0675576,0.0027489,5.64072e-06
9,125,0.0259965,0.310943,9.22753,0.00956348,0.000349918,0.000352876
10,125,0.0220232,0.537508,64.1986,0.114834,0.030593,3.49047e-05
1,131,0.0756231,0.373637,1.67423,0.0284936,0.00646689,2.63718e-05
2,131,0.0690601,0.422922,7.87938,0.0452159,0.00737001,2.74252e-08
3,131,0.0690429,0.374854,19.4457,0.0199107,0.0447116,1.1522e-05
4,131,0.065646,1.28089,23.6598,0.0272301,0.0236636,0.00052523
5,131,0.0689235,0.410848,31.1291,0.0347908,0.065209,0.00035017
6,131,0.0747587,0.407143,1.181,0.14798,0.00479149,0.000505032
7,131,0.0718837,0.191043,1.61954,0.0265641,0.00258671,0.00119841
8,131,0.0714087,0.344919,4.6957,0.0303524,0.0026166,0.000291206
9,131,0.0716247,0.337339,2.35153,0.0675156,0.000273507,0.00368688
10,131,0.0711337,0.132991,3.20026,0.0187219,0.0492263,0.00380019
1,132,0.0521168,0.396031,56.3456,0.00870206,0.710311,4.53465e-05
2,132,0.0568794,0.421995,3.81156,0.0185287,0.993126,5.54756e-06
3,132,0.0558738,0.44993,3.93664,0.0232731,0.00804422,1.0038
4,132,0.0520622,0.329949,46.2566,0.0136065,0.0270531,6.42238e-07
5,132,0.0586671,0.309385,2.29839,0.0239432,0.000363128,4.52711e-07
6,132,0.0533626,0.447404,23.2902,0.0194927,0.0155242,4.14752e-05
7,132,0.0516303,0.551589,7.36339,0.0700934,0.00099287,25.6077
8,132,0.0533043,0.372504,30.5018,0.00762929,0.105106,8.19258e-05
9,132,0.0571197,0.250792,2.56742,0.0139234,0.000359538,0.0130716
10,132,0.0543425,0.406923,6.79904,0.0305544,3.00843,0.000120694
1,133,0.0327289,0.340019,279.661,0.116379,5.23717,0.00301194
2,133,0.0344069,0.298885,5.47626,0.0684365,0.0108514,2.81316e-07
3,133,0.0313855,0.356347,15.4824,0.236321,0.0166816,0.0073008
4,133,0.0324178,0.505916,11.5882,0.132441,0.00343217,0.0134405
5,133,0.033655,0.835701,45.9611,0.14588,0.00288383,0.005569
6,133,0.0361356,0.429712,4.5333,0.0807197,0.334091,0.0783407
7,133,0.0358504,0.636574,1.91667,0.104222,0.00110376,0.46017
8,133,0.0317929,0.350976,20.034,0.0970052,1.6624e-05,0.0360334
9,133,0.032436,0.277262,25.7385,0.0423214,0.281984,1.09034
10,133,0.0336226,0.18308,6.32754,0.016967,0.292648,0.00382598
1,134,0.0748894,0.308865,0.297332,0.0535118,0.00738573,0.00141343
2,134,0.0583134,0.184547,2.74344,0.222239,0.00126968,0.00072038
3,134,0.0748371,0.712889,0.846098,0.0335705,7.58569e-05,0.000101971
4,134,0.0726602,0.173922,1.88635,0.00369402,0.00949767,0.00342704
5,134,0.079715,0.548552,0.583983,0.030262,0.00106626,2.47664e-06
6,134,0.0584499,0.254051,4.89577,0.0398829,0.036815,3.44394e-07
7,134,0.0621351,0.540814,2.14739,0.0617916,0.0292686,0.00532965
8,134,0.0749208,0.51424,0.465922,0.0883858,0.000117673,0.0226273
9,134,0.067653,0.47047,1.04067,0.0721631,0.0039198,0.046832
10,134,0.0751877,0.317102,0.188559,0.079366,0.0814104,0.0301824
1,135,0.0665734,0.154798,1.61927,0.0050363,0.0185791,0.000161417
2,135,0.0574357,0.347911,1.21769,0.0433523,2.24875e-05,0.00053206
3,135,0.0546249,0.353358,4.30571,0.0226953,6.54643e-07,0.000305971
4,135,0.0719392,0.567355,0.299038,0.0971087,6.3291e-05,0.00582877
5,135,0.0540519,0.452564,3.04991,0.125108,0.000294357,0.0512048
6,135,0.0603117,0.515625,2.30728,0.0201923,0.000172591,0.000107655
7,135,0.0536653,0.322107,13.0306,0.0185372,0.00121647,0.020408
8,135,0.0594563,0.193747,3.54927,0.00816393,0.00619117,0.00232475
9,135,0.0617786,0.390042,3.07239,0.0130048,0.000581635,0.0990728
10,135,0.0530492,0.285009,2.65912,0.0715419,2.92332,0.000394282
