rep,id,eta_k1_hat,eta_alpha1,eta_beta,eta_db,eta_ER0,eta_E2ER0
1,111,0.559151,0.358771,-4.35637,0.186181,2.0843,8.01995
2,111,0.134607,0.195526,-4.6306,1.19264,7.14431,2.50827
3,111,0.501069,0.216892,-6.52309,0.611987,6.46879,1.5489
4,111,0.51134,-0.258351,-4.41287,1.19651,-2.36061,0.982413
5,111,0.576137,0.142359,-5.5254,0.198974,-0.535362,8.01135
6,111,0.0315665,-0.052451,-3.97048,0.85909,8.37483,0.354926
7,111,0.0680037,-0.329197,-3.89943,2.28294,-0.557991,7.73627
8,111,0.371842,-0.314348,-4.86931,0.498791,5.82499,4.11175
9,111,0.45058,-0.116146,-5.47828,2.15263,2.61306,7.10174
10,111,0.259857,-0.438634,-7.85084,3.13656,5.61813,-1.58278
1,112,-0.0994724,0.256372,0.147681,-0.671228,-0.744908,6.84765
2,112,-0.0318468,0.690915,0.933727,0.172462,-3.5758,-4.84984
3,112,-0.0798615,0.176835,-0.385033,1.01506,-3.39475,0.466274
4,112,-0.134724,-0.286343,-0.561737,0.404526,0.960642,5.37981
5,112,-0.0676358,-0.00987497,0.627975,-0.420593,3.10538,-6.34276
6,112,0.0187328,0.116711,0.439624,-0.742255,-7.52693,-6.53501
7,112,-0.0435964,-0.205335,-1.02733,0.658406,3.05304,-1.21145
8,112,-0.126603,0.037763,2.55509,-1.71425,-0.424281,-5.32407
9,112,-0.0849832,0.0601634,1.54977,-1.82521,-0.933357,-2.94387
10,112,-0.0863653,-0.249767,-0.14481,0.476196,-3.17706,7.45715
1,113,0.309176,0.33926,-1.72543,0.776428,3.23092,-1.35843
2,113,0.298858,0.546271,-1.96009,1.46732,0.0979903,-5.10968
3,113,0.260574,-0.343104,-1.1173,-0.44984,-0.821958,-4.28426
4,113,0.148005,0.545964,2.13002,-0.749043,3.37555,-8.92545
5,113,0.21362,0.16134,0.532212,0.0279097,-0.69345,3.99359
6,113,0.391871,0.0604109,-2.3442,0.460328,-7.93688,-8.62894
7,113,0.140643,-0.757298,0.319227,-0.796949,-6.46577,2.81409
8,113,0.148032,0.0147261,3.4809,-0.896151,4.30164,4.26589
9,113,0.165544,-0.553665,-0.99623,0.846363,4.13792,2.29996
10,113,0.167614,-0.0201924,1.20828,-0.553183,-1.45616,3.22693
1,114,-0.10202,-0.186382,0.247549,1.09614,-0.193048,-0.0484159
2,114,-0.0339601,-0.0131081,0.0766056,0.0561379,-5.36361,2.92408
3,114,0.0355597,0.205695,-0.0926879,-0.532894,3.05121,4.29196
4,114,-0.0721896,0.674924,1.41448,-0.344602,4.06428,-10.5255
5,114,-0.0479935,0.384388,1.44826,0.275366,1.99376,-1.62556
6,114,-0.0679193,-0.537522,1.0349,0.376089,3.29706,4.82829
7,114,0.0256083,0.0925439,-1.45493,1.1381,-0.80862,1.48279
8,114,0.000417489,0.343172,1.19798,-1.1813,-5.30413,-0.633802
9,114,-0.010399,-0.38451,-0.988216,-0.296501,-7.36825,1.65339
10,114,0.0118009,0.408037,-0.696608,0.251555,-2.59049,-2.438
1,115,-0.202304,-0.311325,1.7196,-0.000237604,2.80438,4.83018
2,115,-0.158722,-0.731015,-2.07907,0.702966,-7.78764,-5.28574
3,115,0.0855552,0.491972,-1.14131,-0.684606,-1.84269,2.80863
4,115,-0.0994568,0.161993,-0.564314,-0.128794,-0.668764,-0.15691
5,115,-0.0652269,0.689525,0.28303,-1.07029,-0.784363,-1.01011
6,115,-0.227943,-0.367176,-0.699553,0.566544,4.66256,-1.51879
7,115,-0.239981,0.532378,1.22206,1.04144,-4.30238,-3.59662
8,115,-0.20745,-0.327222,0.935216,-0.873068,-3.78659,-1.67865
9,115,-0.204046,-0.104837,-0.881789,1.02886,3.77458,-3.67537
10,115,-0.137245,-0.66664,-1.04343,-0.299636,-5.96121,2.1387
1,121,0.096911,-0.279993,-2.73542,-0.30126,-0.707656,-4.1268
2,121,-0.225518,-0.0955432,-1.27709,-0.279034,-6.44805,2.96099
3,121,-0.481088,-0.446934,-0.226694,1.57529,-4.26901,7.77897
4,121,-0.478856,-0.870864,1.97905,1.00982,9.46639,2.18558
5,121,-0.394493,-0.319344,0.202826,-0.446135,3.58661,9.26362
6,121,-0.0636952,-0.00706512,-2.36937,0.165827,-0.579101,5.62713
7,121,-0.143538,0.596373,-0.154482,-1.30983,5.91266,1.54711
8,121,-0.15843,0.188669,-1.45099,-0.561659,-2.34364,5.68617
9,121,0.165599,0.205626,-2.80228,0.0259957,0.837222,0.895053
10,121,-0.010874,-0.0764614,-3.04675,0.28806,-5.72563,-5.86798
1,122,-0.144536,-0.98021,-0.84472,-2.55779,-2.5108,-4.007
2,122,-0.511804,-0.0985785,3.42741,1.84151,2.11982,5.52678
3,122,-0.407421,0.136319,-0.456472,0.193872,1.16911,-0.107842
4,122,-0.167503,0.642984,-0.490872,-0.659114,1.31186,-6.97252
5,122,-0.439069,-0.589952,0.40068,0.13281,3.37624,4.11526
6,122,-0.324902,-0.0104853,0.292776,-1.11103,3.63369,-0.66658
7,122,-0.496085,-0.633093,-1.87085,1.25132,2.67905,1.64546
8,122,0.106735,-0.218161,-1.4061,-1.96831,-4.1313,-4.31838
9,122,-0.35024,0.512402,0.39016,-0.192386,-3.29693,-5.0087
10,122,-0.331303,0.0294799,-1.2123,-0.0310247,-1.49756,-0.18791
1,123,-0.304938,-0.000950028,2.11244,1.74751,-4.2022,-10.7926
2,123,0.043931,-0.00892291,-1.11856,-1.36059,5.7406,-1.1739
3,123,-0.296549,-0.354532,1.33085,0.190151,3.30206,2.04178
4,123,-0.282417,1.04168,2.2753,-0.763925,1.31155,-3.38347
5,123,-0.294781,0.270165,1.67098,-1.10579,5.99573,2.08644
6,123,-0.016574,-0.251048,-0.685437,-1.73752,1.41732,-0.732902
7,123,-0.287467,-0.0120837,0.786036,0.320478,3.05281,4.97724
8,123,-0.133997,-0.132612,-1.56288,0.0507973,2.66999,-1.55766
9,123,-0.113527,-0.378488,-0.72277,-0.999156,-2.22669,-0.658427
10,123,-0.311685,0.0233962,1.32522,0.30167,-1.51979,0.842598
1,124,-0.0150622,0.0643918,-1.42001,-1.5168,0.319286,5.83113
2,124,-0.226265,0.821007,-2.24897,0.988576,1.27536,-0.766284
3,124,-0.423919,0.460181,-0.0770929,-0.200604,7.47018,4.74032
4,124,-0.185078,0.379432,-1.91492,0.406659,1.40127,-0.983688
5,124,-0.3646,0.0740965,0.0993999,-0.0692274,-0.342752,-0.532282
6,124,0.175836,0.688319,-1.46326,-1.32421,-5.73095,0.903209
7,124,-0.281747,-0.178844,-1.59667,0.0656941,5.41269,-0.169077
8,124,-0.207903,-0.402108,-2.07807,-0.316513,0.0339628,-0.0871828
9,124,-0.201244,-0.687274,-2.67448,0.230885,-4.30098,0.399229
10,124,-0.333837,-0.222265,-2.05143,0.873807,-3.30799,-0.0613478
1,125,-0.542354,-0.254664,1.00269,-1.05281,-3.15029,0.513772
2,125,-0.240686,0.129286,-1.56476,-0.244654,-0.699284,-2.77307
3,125,-0.615666,-0.278398,1.92257,0.176772,-3.89409,4.52252
4,125,-0.556448,0.0137813,-0.114511,1.64582,3.79745,-0.987078
5,125,-0.588714,-0.539037,1.16815,0.900098,-6.4424,-1.04078
6,125,-0.612594,-0.0209243,1.62741,0.82163,-3.39906,1.54548
7,125,-0.48109,0.591383,-0.102659,0.265058,-0.0297746,-0.707924
8,125,-0.40661,0.634545,-0.630547,0.552141,-0.720487,-4.60315
9,125,-0.49078,-0.137809,0.725012,-1.40289,-2.78175,-0.46705
10,125,-0.656644,0.409525,2.6648,1.08265,1.68908,-2.78054
1,131,0.577022,0.0458666,-0.981828,-0.311158,0.135006,-3.06087
2,131,0.486236,0.16977,0.56707,0.150609,0.26573,-9.92946
3,131,0.485987,0.0491176,1.47045,-0.669582,2.06854,-3.88891
4,131,0.435536,1.2779,1.6666,-0.356517,1.43225,-0.0693298
5,131,0.484257,0.140806,1.94096,-0.111487,2.44591,-0.474747
6,131,0.565525,0.131746,-1.33082,1.33624,-0.164846,-0.108544
7,131,0.526309,-0.624917,-1.01504,-0.381277,-0.781303,0.755582
8,131,0.519679,-0.0341088,0.0494672,-0.247965,-0.769812,-0.659135
9,131,0.5227,-0.0563305,-0.642114,0.551519,-3.02812,1.87937
10,131,0.51582,-0.987134,-0.333948,-0.731143,2.16474,1.90964
1,132,0.204746,0.104074,2.53432,-1.49728,4.83401,-2.51883
2,132,0.292192,0.167575,-0.159141,-0.741518,5.16917,-4.61981
3,132,0.274356,0.231675,-0.126853,-0.51354,0.353266,7.48614
4,132,0.203699,-0.0784785,2.33702,-1.05029,1.56611,-6.77596
5,132,0.323138,-0.142832,-0.664972,-0.485156,-2.74469,-7.12567
6,132,0.228369,0.226044,1.65085,-0.690797,1.01071,-2.60807
7,132,0.195368,0.435386,0.49934,0.58899,-1.73884,10.7252
8,132,0.227277,0.0428294,1.92061,-1.62884,2.92328,-1.92735
9,132,0.296408,-0.352795,-0.554279,-1.02727,-2.75462,3.14503
10,132,0.246567,0.131205,0.419601,-0.241331,6.27749,-1.53991
1,133,-0.260483,-0.0484167,4.1364,1.09601,6.83185,1.67717
2,133,-0.210483,-0.177359,0.203241,0.565067,0.65261,-7.60144
3,133,-0.302396,-0.00151173,1.24252,1.80435,1.08261,2.56257
4,133,-0.270032,0.348953,0.952806,1.2253,-0.498495,3.17286
5,133,-0.232579,0.850853,2.33062,1.32195,-0.672569,2.2918
6,133,-0.161462,0.185697,0.0142699,0.730144,4.07972,4.93566
7,133,-0.169385,0.578683,-0.84659,0.985684,-1.63297,6.70619
8,133,-0.289498,-0.0167002,1.50025,0.913926,-5.8286,4.15904
9,133,-0.269472,-0.252457,1.75081,0.0844541,3.91016,7.56883
10,133,-0.233542,-0.667496,0.347731,-0.829566,3.94728,1.9164
1,134,0.567272,-0.144514,-2.71009,0.319064,0.267861,0.920607
2,134,0.317091,-0.659514,-0.487966,1.74292,-1.49292,0.246612
3,134,0.566573,0.691907,-1.6643,-0.147192,-4.31059,-1.70848
4,134,0.537054,-0.718813,-0.862536,-2.35412,0.519358,1.80628
5,134,0.629717,0.429864,-2.03506,-0.250946,-1.66753,-5.42626
6,134,0.31943,-0.339884,0.0911916,0.0251075,1.87422,-7.39914
7,134,0.380571,0.415657,-0.732927,0.462929,1.64483,2.24787
8,134,0.567691,0.365272,-2.26092,0.820872,-3.87153,3.69374
9,134,0.46565,0.276314,-1.45732,0.618089,-0.365648,4.42116
10,134,0.571247,-0.118196,-3.16553,0.713231,2.66781,3.98185
1,135,0.449564,-0.8353,-1.01521,-2.04417,1.19035,-1.24917
2,135,0.301925,-0.0254716,-1.30023,0.108521,-5.52649,-0.0564101
3,135,0.251748,-0.00993485,-0.0372373,-0.538683,-9.06311,-0.609677
4,135,0.52708,0.463567,-2.70436,0.914992,-4.4917,2.3374
5,135,0.241204,0.237512,-0.38207,1.16834,-2.95465,4.51042
6,135,0.350786,0.367962,-0.661109,-0.655538,-3.48852,-1.65423
7,135,0.234026,-0.102535,1.07012,-0.74106,-1.53574,3.59051
8,135,0.3365,-0.610864,-0.230439,-1.56111,0.0914346,1.4182
9,135,0.374817,0.0888373,-0.374725,-1.09552,-2.2736,5.17044
10,135,0.222479,-0.224896,-0.519187,0.609445,6.24879,-0.3561
